5.495000000000000000e+02
6.161000000000000227e+02
6.492200000000000273e+02
6.812000000000000455e+02
7.096699999999999591e+02
7.348250000000000455e+02
7.606549999999999727e+02
7.857200000000000273e+02
8.060449999999999591e+02
8.225000000000000000e+02
8.399600000000000364e+02
8.564750000000000227e+02
8.720000000000000000e+02
8.881250000000000000e+02
9.059600000000000364e+02
9.260000000000000000e+02
9.453799999999999955e+02
9.650000000000000000e+02
9.850099999999999909e+02
1.004870000000000005e+03
1.025000000000000000e+03
1.044500000000000000e+03
1.064974999999999909e+03
1.084009999999999991e+03
1.103869999999999891e+03
1.124000000000000000e+03
1.144309999999999945e+03
1.163974999999999909e+03
1.183009999999999991e+03
1.202299999999999955e+03
1.223075000000000045e+03
1.242319999999999936e+03
1.261880000000000109e+03
1.282684999999999945e+03
1.301299999999999955e+03
1.322075000000000045e+03
1.341319999999999936e+03
1.360880000000000109e+03
1.381684999999999945e+03
1.404275000000000091e+03
1.428484999999999900e+03
1.452559999999999945e+03
1.476890000000000100e+03
1.503275000000000091e+03
1.527484999999999900e+03
1.551559999999999945e+03
1.575890000000000100e+03
1.601765000000000100e+03
1.627759999999999991e+03
1.651414999999999964e+03
1.675055000000000064e+03
1.699910000000000082e+03
1.724375000000000000e+03
1.750789999999999964e+03
1.774460000000000036e+03
1.798414999999999964e+03
1.824694999999999936e+03
1.849265000000000100e+03
1.875005000000000109e+03
1.897625000000000000e+03
1.924265000000000100e+03
1.948265000000000100e+03
1.973765000000000100e+03
5.495000000000000000e+02
6.159800000000000182e+02
6.493250000000000455e+02
6.812450000000000045e+02
7.097450000000000045e+02
7.347649999999999864e+02
7.606549999999999727e+02
7.858250000000000455e+02
8.060299999999999727e+02
8.225000000000000000e+02
8.398999999999999773e+02
8.564600000000000364e+02
8.720000000000000000e+02
8.881849999999999454e+02
9.058250000000000455e+02
9.260000000000000000e+02
9.457100000000000364e+02
9.650000000000000000e+02
9.852200000000000273e+02
1.005215000000000032e+03
1.025000000000000000e+03
1.044500000000000000e+03
1.064960000000000036e+03
1.084220000000000027e+03
1.104214999999999918e+03
1.124000000000000000e+03
1.144250000000000000e+03
1.163960000000000036e+03
1.183220000000000027e+03
1.202750000000000000e+03
1.223105000000000018e+03
1.242380000000000109e+03
1.262194999999999936e+03
1.283119999999999891e+03
1.301750000000000000e+03
1.322105000000000018e+03
1.341380000000000109e+03
1.361194999999999936e+03
1.382119999999999891e+03
1.404275000000000091e+03
1.428815000000000055e+03
1.452799999999999955e+03
1.477474999999999909e+03
1.503275000000000091e+03
1.527815000000000055e+03
1.551799999999999955e+03
1.576474999999999909e+03
1.602079999999999927e+03
1.627309999999999945e+03
1.651115000000000009e+03
1.675819999999999936e+03
1.700599999999999909e+03
1.724930000000000064e+03
1.750894999999999982e+03
1.775180000000000064e+03
1.798384999999999991e+03
1.824904999999999973e+03
1.849295000000000073e+03
1.875079999999999927e+03
1.897805000000000064e+03
1.924295000000000073e+03
1.948295000000000073e+03
1.973795000000000073e+03
6.243200000000000500e+02
6.749750000000000227e+02
7.146200000000000045e+02
7.485499999999999545e+02
7.803500000000000227e+02
8.131100000000000136e+02
8.473400000000000318e+02
8.802500000000000000e+02
9.089900000000000091e+02
9.332599999999999909e+02
9.584450000000000500e+02
9.823700000000000045e+02
1.008154999999999973e+03
1.032289999999999964e+03
1.057279999999999973e+03
1.081369999999999891e+03
1.107154999999999973e+03
1.131289999999999964e+03
1.156279999999999973e+03
1.180369999999999891e+03
1.205839999999999918e+03
1.231505000000000109e+03
1.254755000000000109e+03
1.279099999999999909e+03
1.304839999999999918e+03
1.330505000000000109e+03
1.353755000000000109e+03
1.378099999999999909e+03
1.403974999999999909e+03
1.428500000000000000e+03
1.452694999999999936e+03
1.476994999999999891e+03
1.502974999999999909e+03
1.527500000000000000e+03
1.551694999999999936e+03
1.575994999999999891e+03
1.601734999999999900e+03
1.627894999999999982e+03
1.651069999999999936e+03
1.675384999999999991e+03
1.700509999999999991e+03
1.724464999999999918e+03
1.751180000000000064e+03
1.774609999999999900e+03
1.798474999999999909e+03
1.824845000000000027e+03
1.849234999999999900e+03
1.874974999999999909e+03
1.897654999999999973e+03
1.924234999999999900e+03
1.948234999999999900e+03
1.973734999999999900e+03
6.245599999999999454e+02
6.748250000000000455e+02
7.147100000000000364e+02
7.482649999999999864e+02
7.805299999999999727e+02
8.132899999999999636e+02
8.472050000000000409e+02
8.801900000000000546e+02
9.089750000000000227e+02
9.331399999999999864e+02
9.585950000000000273e+02
9.823849999999999909e+02
1.008125000000000000e+03
1.032184999999999945e+03
1.057265000000000100e+03
1.081384999999999991e+03
1.107125000000000000e+03
1.131184999999999945e+03
1.156265000000000100e+03
1.180384999999999991e+03
1.206109999999999900e+03
1.231744999999999891e+03
1.254815000000000055e+03
1.278890000000000100e+03
1.305109999999999900e+03
1.330744999999999891e+03
1.353815000000000055e+03
1.377890000000000100e+03
1.404095000000000027e+03
1.428244999999999891e+03
1.452605000000000018e+03
1.477234999999999900e+03
1.503095000000000027e+03
1.527244999999999891e+03
1.551605000000000018e+03
1.576234999999999900e+03
1.601585000000000036e+03
1.627625000000000000e+03
1.650769999999999982e+03
1.675414999999999964e+03
1.700029999999999973e+03
1.724494999999999891e+03
1.750775000000000091e+03
1.774805000000000064e+03
1.798474999999999909e+03
1.824785000000000082e+03
1.849204999999999927e+03
1.874990000000000009e+03
1.897654999999999973e+03
1.924204999999999927e+03
1.948204999999999927e+03
1.973704999999999927e+03
7.048250000000000455e+02
7.147400000000000091e+02
7.250149999999999864e+02
7.379900000000000091e+02
7.481449999999999818e+02
7.579550000000000409e+02
7.706749999999999545e+02
7.805599999999999454e+02
7.906849999999999454e+02
8.037050000000000409e+02
8.156900000000000546e+02
8.291749999999999545e+02
8.408150000000000546e+02
8.524700000000000273e+02
8.651749999999999545e+02
8.780000000000000000e+02
8.899550000000000409e+02
9.035000000000000000e+02
9.176749999999999545e+02
9.317300000000000182e+02
9.456499999999999773e+02
9.595249999999999773e+02
9.746749999999999545e+02
9.877400000000000091e+02
1.003774999999999977e+03
1.021070000000000050e+03
1.037000000000000000e+03
1.053500000000000000e+03
1.070569999999999936e+03
1.086740000000000009e+03
1.102775000000000091e+03
1.120069999999999936e+03
1.136000000000000000e+03
1.152500000000000000e+03
1.169569999999999936e+03
1.185740000000000009e+03
1.202855000000000018e+03
1.223420000000000073e+03
1.242859999999999900e+03
1.262255000000000109e+03
1.282579999999999927e+03
1.301855000000000018e+03
1.322420000000000073e+03
1.341859999999999900e+03
1.361255000000000109e+03
1.381579999999999927e+03
1.404305000000000064e+03
1.428829999999999927e+03
1.452799999999999955e+03
1.477865000000000009e+03
1.503305000000000064e+03
1.527829999999999927e+03
1.551799999999999955e+03
1.576865000000000009e+03
1.602109999999999900e+03
1.627835000000000036e+03
1.651220000000000027e+03
1.676119999999999891e+03
1.700375000000000000e+03
1.725170000000000073e+03
1.750325000000000045e+03
1.775509999999999991e+03
1.803545000000000073e+03
1.836755000000000109e+03
1.869500000000000000e+03
1.902575000000000045e+03
1.936174999999999955e+03
1.968500000000000000e+03
7.049900000000000091e+02
7.147250000000000227e+02
7.246399999999999864e+02
7.381549999999999727e+02
7.479199999999999591e+02
7.575650000000000546e+02
7.707200000000000273e+02
7.805900000000000318e+02
7.905199999999999818e+02
8.036299999999999955e+02
8.158849999999999909e+02
8.292649999999999864e+02
8.410249999999999773e+02
8.523949999999999818e+02
8.652649999999999864e+02
8.780000000000000000e+02
8.897150000000000318e+02
9.035000000000000000e+02
9.177649999999999864e+02
9.316399999999999864e+02
9.454700000000000273e+02
9.596150000000000091e+02
9.747649999999999864e+02
9.876799999999999500e+02
1.003625000000000000e+03
1.021325000000000045e+03
1.037000000000000000e+03
1.053500000000000000e+03
1.070825000000000045e+03
1.086680000000000064e+03
1.102625000000000000e+03
1.120325000000000045e+03
1.136000000000000000e+03
1.152500000000000000e+03
1.169825000000000045e+03
1.185680000000000064e+03
1.202450000000000045e+03
1.223285000000000082e+03
1.242484999999999900e+03
1.262089999999999918e+03
1.282414999999999964e+03
1.301450000000000045e+03
1.322285000000000082e+03
1.341484999999999900e+03
1.361089999999999918e+03
1.381414999999999964e+03
1.404605000000000018e+03
1.428694999999999936e+03
1.453384999999999991e+03
1.477670000000000073e+03
1.503605000000000018e+03
1.527694999999999936e+03
1.552384999999999991e+03
1.576670000000000073e+03
1.602170000000000073e+03
1.627700000000000045e+03
1.651835000000000036e+03
1.675819999999999936e+03
1.700329999999999927e+03
1.724944999999999936e+03
1.750595000000000027e+03
1.775150000000000091e+03
1.803545000000000073e+03
1.836470000000000027e+03
1.869500000000000000e+03
1.902559999999999945e+03
1.936265000000000100e+03
1.968500000000000000e+03
5.040950000000000273e+02
5.157949999999999591e+02
5.262949999999999591e+02
5.352949999999999591e+02
5.457949999999999591e+02
5.535950000000000273e+02
5.652949999999999591e+02
5.742949999999999591e+02
5.847949999999999591e+02
5.952949999999999591e+02
6.033049999999999500e+02
6.122000000000000455e+02
6.215000000000000000e+02
6.305000000000000000e+02
6.395000000000000000e+02
6.492799999999999727e+02
6.575000000000000000e+02
6.665000000000000000e+02
6.756649999999999636e+02
6.851000000000000227e+02
6.933049999999999500e+02
7.018099999999999454e+02
7.096399999999999864e+02
7.190000000000000000e+02
7.271150000000000091e+02
7.347649999999999864e+02
7.430000000000000000e+02
7.520000000000000000e+02
7.608049999999999500e+02
7.685000000000000000e+02
7.760000000000000000e+02
7.857799999999999727e+02
7.935800000000000409e+02
8.008099999999999454e+02
8.090000000000000000e+02
8.166799999999999500e+02
8.247949999999999591e+02
8.315000000000000000e+02
8.400499999999999545e+02
8.474450000000000500e+02
8.534600000000000364e+02
8.615000000000000000e+02
8.697949999999999591e+02
8.765000000000000000e+02
8.840000000000000000e+02
8.928200000000000500e+02
8.990000000000000000e+02
9.059600000000000364e+02
9.140000000000000000e+02
9.215000000000000000e+02
9.275000000000000000e+02
9.362899999999999636e+02
9.425000000000000000e+02
9.485000000000000000e+02
9.553550000000000182e+02
9.635000000000000000e+02
9.710000000000000000e+02
9.770000000000000000e+02
9.851900000000000546e+02
9.920000000000000000e+02
9.980000000000000000e+02
1.005065000000000055e+03
1.013794999999999959e+03
1.021429999999999950e+03
1.027295000000000073e+03
1.034585000000000036e+03
1.041500000000000000e+03
1.047500000000000000e+03
1.055000000000000000e+03
1.062244999999999891e+03
1.070930000000000064e+03
1.076795000000000073e+03
1.084190000000000055e+03
1.091000000000000000e+03
1.097000000000000000e+03
1.104065000000000055e+03
1.112795000000000073e+03
1.120430000000000064e+03
1.126295000000000073e+03
1.133585000000000036e+03
1.140500000000000000e+03
1.146500000000000000e+03
1.154000000000000000e+03
1.161244999999999891e+03
1.169930000000000064e+03
1.174654999999999973e+03
1.183190000000000055e+03
1.190000000000000000e+03
1.196000000000000000e+03
1.202494999999999891e+03
1.209500000000000000e+03
1.215500000000000000e+03
1.223134999999999991e+03
1.228535000000000082e+03
1.236095000000000027e+03
1.242319999999999936e+03
1.249295000000000073e+03
1.256839999999999918e+03
1.262150000000000091e+03
1.269500000000000000e+03
1.275500000000000000e+03
1.282355000000000018e+03
1.289000000000000000e+03
1.295000000000000000e+03
1.301494999999999891e+03
1.308500000000000000e+03
1.314500000000000000e+03
1.322134999999999991e+03
1.327535000000000082e+03
1.335095000000000027e+03
1.341319999999999936e+03
1.348295000000000073e+03
1.355839999999999918e+03
1.361150000000000091e+03
1.368500000000000000e+03
1.374500000000000000e+03
1.381355000000000018e+03
1.388000000000000000e+03
1.394000000000000000e+03
1.400000000000000000e+03
1.409000000000000000e+03
1.416500000000000000e+03
1.422500000000000000e+03
1.432025000000000091e+03
1.437500000000000000e+03
1.443500000000000000e+03
1.449575000000000045e+03
1.458500000000000000e+03
1.466000000000000000e+03
1.472000000000000000e+03
1.481674999999999955e+03
1.487000000000000000e+03
1.493000000000000000e+03
1.499000000000000000e+03
1.508000000000000000e+03
1.515500000000000000e+03
1.521500000000000000e+03
1.531025000000000091e+03
1.536500000000000000e+03
1.542500000000000000e+03
1.548575000000000045e+03
1.557500000000000000e+03
1.565000000000000000e+03
1.571000000000000000e+03
1.580674999999999955e+03
1.586000000000000000e+03
1.594309999999999945e+03
1.601930000000000064e+03
1.608500000000000000e+03
1.616000000000000000e+03
1.622884999999999991e+03
1.631255000000000109e+03
1.639295000000000073e+03
1.646000000000000000e+03
1.654565000000000055e+03
1.661000000000000000e+03
1.669099999999999909e+03
1.675039999999999964e+03
1.684309999999999945e+03
1.693309999999999945e+03
1.699984999999999900e+03
1.709000000000000000e+03
1.716500000000000000e+03
1.724420000000000073e+03
1.733000000000000000e+03
1.742000000000000000e+03
1.750819999999999936e+03
1.758500000000000000e+03
1.766000000000000000e+03
1.774474999999999909e+03
1.783309999999999945e+03
1.792309999999999945e+03
1.801144999999999982e+03
1.810309999999999945e+03
1.819309999999999945e+03
1.828234999999999900e+03
1.836259999999999991e+03
1.845305000000000064e+03
1.855309999999999945e+03
1.864565000000000055e+03
1.871869999999999891e+03
1.882309999999999945e+03
1.891309999999999945e+03
1.901194999999999936e+03
1.912295000000000073e+03
1.920500000000000000e+03
1.931000000000000000e+03
1.940000000000000000e+03
1.950500000000000000e+03
1.959500000000000000e+03
1.970000000000000000e+03
1.981309999999999945e+03
5.042149999999999750e+02
5.156749999999999545e+02
5.261749999999999545e+02
5.351749999999999545e+02
5.456749999999999545e+02
5.537150000000000318e+02
5.651749999999999545e+02
5.741749999999999545e+02
5.846749999999999545e+02
5.951749999999999545e+02
6.034850000000000136e+02
6.122450000000000045e+02
6.215000000000000000e+02
6.305000000000000000e+02
6.395000000000000000e+02
6.491749999999999545e+02
6.575000000000000000e+02
6.665000000000000000e+02
6.756050000000000182e+02
6.849800000000000182e+02
6.934850000000000136e+02
7.019900000000000091e+02
7.097450000000000045e+02
7.190000000000000000e+02
7.268750000000000000e+02
7.350049999999999955e+02
7.430000000000000000e+02
7.520000000000000000e+02
7.604900000000000091e+02
7.685000000000000000e+02
7.760000000000000000e+02
7.856749999999999545e+02
7.934450000000000500e+02
8.009900000000000091e+02
8.090000000000000000e+02
8.165750000000000455e+02
8.246749999999999545e+02
8.315000000000000000e+02
8.397649999999999864e+02
8.471900000000000546e+02
8.536250000000000000e+02
8.615000000000000000e+02
8.696749999999999545e+02
8.765000000000000000e+02
8.840000000000000000e+02
8.925650000000000546e+02
8.990000000000000000e+02
9.060950000000000273e+02
9.140000000000000000e+02
9.215000000000000000e+02
9.275000000000000000e+02
9.360049999999999955e+02
9.425000000000000000e+02
9.485000000000000000e+02
9.554450000000000500e+02
9.635000000000000000e+02
9.710000000000000000e+02
9.770000000000000000e+02
9.850700000000000500e+02
9.920000000000000000e+02
9.980000000000000000e+02
1.005230000000000018e+03
1.013674999999999955e+03
1.021174999999999955e+03
1.027174999999999955e+03
1.034450000000000045e+03
1.041500000000000000e+03
1.047500000000000000e+03
1.055000000000000000e+03
1.062365000000000009e+03
1.070674999999999955e+03
1.076674999999999955e+03
1.084069999999999936e+03
1.091000000000000000e+03
1.097000000000000000e+03
1.104230000000000018e+03
1.112674999999999955e+03
1.120174999999999955e+03
1.126174999999999955e+03
1.133450000000000045e+03
1.140500000000000000e+03
1.146500000000000000e+03
1.154000000000000000e+03
1.161365000000000009e+03
1.169674999999999955e+03
1.174775000000000091e+03
1.183069999999999936e+03
1.190000000000000000e+03
1.196000000000000000e+03
1.202539999999999964e+03
1.209500000000000000e+03
1.215500000000000000e+03
1.223539999999999964e+03
1.228640000000000100e+03
1.236214999999999918e+03
1.242634999999999991e+03
1.249174999999999955e+03
1.256674999999999955e+03
1.262464999999999918e+03
1.269500000000000000e+03
1.275500000000000000e+03
1.282640000000000100e+03
1.289000000000000000e+03
1.295000000000000000e+03
1.301539999999999964e+03
1.308500000000000000e+03
1.314500000000000000e+03
1.322539999999999964e+03
1.327640000000000100e+03
1.335214999999999918e+03
1.341634999999999991e+03
1.348174999999999955e+03
1.355674999999999955e+03
1.361464999999999918e+03
1.368500000000000000e+03
1.374500000000000000e+03
1.381640000000000100e+03
1.388000000000000000e+03
1.394000000000000000e+03
1.400555000000000064e+03
1.409000000000000000e+03
1.416500000000000000e+03
1.422500000000000000e+03
1.431559999999999945e+03
1.437500000000000000e+03
1.443500000000000000e+03
1.449815000000000055e+03
1.458500000000000000e+03
1.466000000000000000e+03
1.472000000000000000e+03
1.481269999999999982e+03
1.487000000000000000e+03
1.493000000000000000e+03
1.499555000000000064e+03
1.508000000000000000e+03
1.515500000000000000e+03
1.521500000000000000e+03
1.530559999999999945e+03
1.536500000000000000e+03
1.542500000000000000e+03
1.548815000000000055e+03
1.557500000000000000e+03
1.565000000000000000e+03
1.571000000000000000e+03
1.580269999999999982e+03
1.586000000000000000e+03
1.594250000000000000e+03
1.601299999999999955e+03
1.608500000000000000e+03
1.616000000000000000e+03
1.623019999999999982e+03
1.631089999999999918e+03
1.639174999999999955e+03
1.646000000000000000e+03
1.654204999999999927e+03
1.661000000000000000e+03
1.668980000000000018e+03
1.675579999999999927e+03
1.684250000000000000e+03
1.693250000000000000e+03
1.700630000000000109e+03
1.709000000000000000e+03
1.716500000000000000e+03
1.724690000000000055e+03
1.733000000000000000e+03
1.742000000000000000e+03
1.750880000000000109e+03
1.758500000000000000e+03
1.766000000000000000e+03
1.775045000000000073e+03
1.783250000000000000e+03
1.792250000000000000e+03
1.801190000000000055e+03
1.810250000000000000e+03
1.819250000000000000e+03
1.828009999999999991e+03
1.836575000000000045e+03
1.845484999999999900e+03
1.855250000000000000e+03
1.864535000000000082e+03
1.872079999999999927e+03
1.882250000000000000e+03
1.891250000000000000e+03
1.901164999999999964e+03
1.912174999999999955e+03
1.920500000000000000e+03
1.931000000000000000e+03
1.940000000000000000e+03
1.950500000000000000e+03
1.959500000000000000e+03
1.970000000000000000e+03
1.981250000000000000e+03
5.043949999999999818e+02
5.157050000000000409e+02
5.262050000000000409e+02
5.352050000000000409e+02
5.457050000000000409e+02
5.538949999999999818e+02
5.652050000000000409e+02
5.742050000000000409e+02
5.847050000000000409e+02
5.952050000000000409e+02
6.036950000000000500e+02
6.146449999999999818e+02
6.246050000000000182e+02
6.342050000000000409e+02
6.447050000000000409e+02
6.537050000000000409e+02
6.642050000000000409e+02
6.723049999999999500e+02
6.837050000000000409e+02
6.936950000000000500e+02
7.049750000000000227e+02
7.147699999999999818e+02
7.247150000000000318e+02
7.381100000000000136e+02
7.481299999999999955e+02
7.578500000000000227e+02
7.708250000000000455e+02
7.805900000000000318e+02
7.903550000000000182e+02
8.036749999999999545e+02
8.132599999999999909e+02
8.247050000000000409e+02
8.359550000000000409e+02
8.469349999999999454e+02
8.574349999999999454e+02
8.697050000000000409e+02
8.802500000000000000e+02
8.899099999999999682e+02
9.020000000000000000e+02
9.125000000000000000e+02
9.230000000000000000e+02
9.360950000000000273e+02
9.454700000000000273e+02
9.554149999999999636e+02
9.680000000000000000e+02
9.785000000000000000e+02
9.890000000000000000e+02
1.001000000000000000e+03
1.013705000000000041e+03
1.027204999999999927e+03
1.038500000000000000e+03
1.050500000000000000e+03
1.062305000000000064e+03
1.076704999999999927e+03
1.088000000000000000e+03
1.100000000000000000e+03
1.112704999999999927e+03
1.126204999999999927e+03
1.137500000000000000e+03
1.149500000000000000e+03
1.161305000000000064e+03
1.174775000000000091e+03
1.187000000000000000e+03
1.199000000000000000e+03
1.211000000000000000e+03
1.225130000000000109e+03
1.236394999999999982e+03
1.249204999999999927e+03
1.259960000000000036e+03
1.274000000000000000e+03
1.286180000000000064e+03
1.298000000000000000e+03
1.310000000000000000e+03
1.324130000000000109e+03
1.335394999999999982e+03
1.348204999999999927e+03
1.358960000000000036e+03
1.373000000000000000e+03
1.385180000000000064e+03
1.398470000000000027e+03
1.412704999999999927e+03
1.425799999999999955e+03
1.440500000000000000e+03
1.455920000000000073e+03
1.469704999999999927e+03
1.482710000000000036e+03
1.497470000000000027e+03
1.511704999999999927e+03
1.524799999999999955e+03
1.539500000000000000e+03
1.554920000000000073e+03
1.568704999999999927e+03
1.581710000000000036e+03
1.596500000000000000e+03
1.610704999999999927e+03
1.623500000000000000e+03
1.639204999999999927e+03
1.653980000000000018e+03
1.666894999999999982e+03
1.680680000000000064e+03
1.696625000000000000e+03
1.713500000000000000e+03
1.730210000000000036e+03
1.746125000000000000e+03
1.763000000000000000e+03
1.779650000000000091e+03
1.796000000000000000e+03
1.813204999999999927e+03
1.829404999999999973e+03
1.845694999999999936e+03
1.861444999999999936e+03
1.878500000000000000e+03
1.895000000000000000e+03
1.912204999999999927e+03
1.928000000000000000e+03
1.945204999999999927e+03
1.961000000000000000e+03
1.977500000000000000e+03
5.042149999999999750e+02
5.158250000000000455e+02
5.263250000000000455e+02
5.353250000000000455e+02
5.458250000000000455e+02
5.537150000000000318e+02
5.653250000000000455e+02
5.743250000000000455e+02
5.848250000000000455e+02
5.953250000000000455e+02
6.034400000000000546e+02
6.150349999999999682e+02
6.245149999999999864e+02
6.342799999999999727e+02
6.447799999999999727e+02
6.537799999999999727e+02
6.642799999999999727e+02
6.722300000000000182e+02
6.839750000000000227e+02
6.934400000000000546e+02
7.050499999999999545e+02
7.146499999999999773e+02
7.246100000000000136e+02
7.378099999999999454e+02
7.484750000000000227e+02
7.573999999999999773e+02
7.707799999999999727e+02
7.803799999999999955e+02
7.903700000000000045e+02
8.034500000000000455e+02
8.131699999999999591e+02
8.248250000000000455e+02
8.359249999999999545e+02
8.473550000000000182e+02
8.575249999999999773e+02
8.698250000000000455e+02
8.803099999999999454e+02
8.893849999999999909e+02
9.020000000000000000e+02
9.125000000000000000e+02
9.230000000000000000e+02
9.362150000000000318e+02
9.453200000000000500e+02
9.553250000000000455e+02
9.680000000000000000e+02
9.785000000000000000e+02
9.890000000000000000e+02
1.001000000000000000e+03
1.013825000000000045e+03
1.027325000000000045e+03
1.038500000000000000e+03
1.050500000000000000e+03
1.062244999999999891e+03
1.076825000000000045e+03
1.088000000000000000e+03
1.100000000000000000e+03
1.112825000000000045e+03
1.126325000000000045e+03
1.137500000000000000e+03
1.149500000000000000e+03
1.161244999999999891e+03
1.174775000000000091e+03
1.187000000000000000e+03
1.199000000000000000e+03
1.211000000000000000e+03
1.225099999999999909e+03
1.236214999999999918e+03
1.249325000000000045e+03
1.259944999999999936e+03
1.274000000000000000e+03
1.286269999999999982e+03
1.298000000000000000e+03
1.310000000000000000e+03
1.324099999999999909e+03
1.335214999999999918e+03
1.348325000000000045e+03
1.358944999999999936e+03
1.373000000000000000e+03
1.385269999999999982e+03
1.398440000000000055e+03
1.412779999999999973e+03
1.425680000000000064e+03
1.440500000000000000e+03
1.456039999999999964e+03
1.469779999999999973e+03
1.482829999999999927e+03
1.497440000000000055e+03
1.511779999999999973e+03
1.524680000000000064e+03
1.539500000000000000e+03
1.555039999999999964e+03
1.568779999999999973e+03
1.581829999999999927e+03
1.596500000000000000e+03
1.610779999999999973e+03
1.623275000000000091e+03
1.639325000000000045e+03
1.653980000000000018e+03
1.666670000000000073e+03
1.680799999999999955e+03
1.696519999999999982e+03
1.713500000000000000e+03
1.730329999999999927e+03
1.746049999999999955e+03
1.763000000000000000e+03
1.779769999999999982e+03
1.796000000000000000e+03
1.813234999999999900e+03
1.829555000000000064e+03
1.845440000000000055e+03
1.861474999999999909e+03
1.878500000000000000e+03
1.895000000000000000e+03
1.912325000000000045e+03
1.928000000000000000e+03
1.945279999999999973e+03
1.961000000000000000e+03
1.977500000000000000e+03
5.064950000000000045e+02
5.180000000000000000e+02
5.315000000000000000e+02
5.435000000000000000e+02
5.559950000000000045e+02
5.675000000000000000e+02
5.810000000000000000e+02
5.930000000000000000e+02
6.035000000000000000e+02
6.148550000000000182e+02
6.245750000000000455e+02
6.342949999999999591e+02
6.447949999999999591e+02
6.537949999999999591e+02
6.642949999999999591e+02
6.723350000000000364e+02
6.837949999999999591e+02
6.935000000000000000e+02
7.019900000000000091e+02
7.113200000000000500e+02
7.205000000000000000e+02
7.295000000000000000e+02
7.391599999999999682e+02
7.481749999999999545e+02
7.561100000000000136e+02
7.655000000000000000e+02
7.745000000000000000e+02
7.835000000000000000e+02
7.934600000000000364e+02
8.009900000000000091e+02
8.105000000000000000e+02
8.195000000000000000e+02
8.293250000000000455e+02
8.370950000000000273e+02
8.472799999999999727e+02
8.562350000000000136e+02
8.653250000000000455e+02
8.735000000000000000e+02
8.825000000000000000e+02
8.926399999999999864e+02
9.005000000000000000e+02
9.089299999999999500e+02
9.178250000000000455e+02
9.245000000000000000e+02
9.331250000000000000e+02
9.410000000000000000e+02
9.500000000000000000e+02
9.584600000000000364e+02
9.665000000000000000e+02
9.748250000000000455e+02
9.826699999999999591e+02
9.905000000000000000e+02
9.995000000000000000e+02
1.008034999999999968e+03
1.016000000000000000e+03
1.023500000000000000e+03
1.032380000000000109e+03
1.040000000000000000e+03
1.049000000000000000e+03
1.057220000000000027e+03
1.065575000000000045e+03
1.073000000000000000e+03
1.081670000000000073e+03
1.089500000000000000e+03
1.098500000000000000e+03
1.107035000000000082e+03
1.115000000000000000e+03
1.122500000000000000e+03
1.131380000000000109e+03
1.139000000000000000e+03
1.148000000000000000e+03
1.156220000000000027e+03
1.164575000000000045e+03
1.172000000000000000e+03
1.180670000000000073e+03
1.188500000000000000e+03
1.197500000000000000e+03
1.206140000000000100e+03
1.214000000000000000e+03
1.220990000000000009e+03
1.231549999999999955e+03
1.238494999999999891e+03
1.247000000000000000e+03
1.254545000000000073e+03
1.264355000000000018e+03
1.271000000000000000e+03
1.279115000000000009e+03
1.287500000000000000e+03
1.296500000000000000e+03
1.305140000000000100e+03
1.313000000000000000e+03
1.319990000000000009e+03
1.330549999999999955e+03
1.337494999999999891e+03
1.346000000000000000e+03
1.353545000000000073e+03
1.363355000000000018e+03
1.370000000000000000e+03
1.378115000000000009e+03
1.386500000000000000e+03
1.395500000000000000e+03
1.403795000000000073e+03
1.412795000000000073e+03
1.419500000000000000e+03
1.428920000000000073e+03
1.436000000000000000e+03
1.445000000000000000e+03
1.452650000000000091e+03
1.461500000000000000e+03
1.469795000000000073e+03
1.477430000000000064e+03
1.485500000000000000e+03
1.494500000000000000e+03
1.502795000000000073e+03
1.511795000000000073e+03
1.518500000000000000e+03
1.527920000000000073e+03
1.535000000000000000e+03
1.544000000000000000e+03
1.551650000000000091e+03
1.560500000000000000e+03
1.568795000000000073e+03
1.576430000000000064e+03
1.584500000000000000e+03
1.594190000000000055e+03
1.601404999999999973e+03
1.610795000000000073e+03
1.617500000000000000e+03
1.627099999999999909e+03
1.634000000000000000e+03
1.643000000000000000e+03
1.650545000000000073e+03
1.659500000000000000e+03
1.666805000000000064e+03
1.675595000000000027e+03
1.684190000000000055e+03
1.693190000000000055e+03
1.703045000000000073e+03
1.710500000000000000e+03
1.719500000000000000e+03
1.729355000000000018e+03
1.737500000000000000e+03
1.746065000000000055e+03
1.755500000000000000e+03
1.764500000000000000e+03
1.772615000000000009e+03
1.783190000000000055e+03
1.792190000000000055e+03
1.801144999999999982e+03
1.810190000000000055e+03
1.819190000000000055e+03
1.827920000000000073e+03
1.836484999999999900e+03
1.845500000000000000e+03
1.855190000000000055e+03
1.864444999999999936e+03
1.872109999999999900e+03
1.882190000000000055e+03
1.891190000000000055e+03
1.899275000000000091e+03
1.908500000000000000e+03
1.917500000000000000e+03
1.926500000000000000e+03
1.936325000000000045e+03
1.945295000000000073e+03
1.953500000000000000e+03
1.962500000000000000e+03
1.971500000000000000e+03
1.981190000000000055e+03
5.064649999999999750e+02
5.180000000000000000e+02
5.315000000000000000e+02
5.435000000000000000e+02
5.559650000000000318e+02
5.675000000000000000e+02
5.810000000000000000e+02
5.930000000000000000e+02
6.035750000000000455e+02
6.147200000000000273e+02
6.244249999999999545e+02
6.342200000000000273e+02
6.447200000000000273e+02
6.537200000000000273e+02
6.642200000000000273e+02
6.722000000000000455e+02
6.837799999999999727e+02
6.935750000000000455e+02
7.020499999999999545e+02
7.110950000000000273e+02
7.205000000000000000e+02
7.295000000000000000e+02
7.390399999999999636e+02
7.483400000000000318e+02
7.561399999999999864e+02
7.655000000000000000e+02
7.745000000000000000e+02
7.835000000000000000e+02
7.934450000000000500e+02
8.010499999999999545e+02
8.105000000000000000e+02
8.195000000000000000e+02
8.292350000000000136e+02
8.370349999999999682e+02
8.472500000000000000e+02
8.562949999999999591e+02
8.652350000000000136e+02
8.735000000000000000e+02
8.825000000000000000e+02
8.926250000000000000e+02
9.005000000000000000e+02
9.089450000000000500e+02
9.177350000000000136e+02
9.245000000000000000e+02
9.330499999999999545e+02
9.410000000000000000e+02
9.500000000000000000e+02
9.583700000000000045e+02
9.665000000000000000e+02
9.747350000000000136e+02
9.825049999999999955e+02
9.905000000000000000e+02
9.995000000000000000e+02
1.008154999999999973e+03
1.016000000000000000e+03
1.023500000000000000e+03
1.032214999999999918e+03
1.040000000000000000e+03
1.049000000000000000e+03
1.057234999999999900e+03
1.065650000000000091e+03
1.073000000000000000e+03
1.081505000000000109e+03
1.089500000000000000e+03
1.098500000000000000e+03
1.107154999999999973e+03
1.115000000000000000e+03
1.122500000000000000e+03
1.131214999999999918e+03
1.139000000000000000e+03
1.148000000000000000e+03
1.156234999999999900e+03
1.164650000000000091e+03
1.172000000000000000e+03
1.180505000000000109e+03
1.188500000000000000e+03
1.197500000000000000e+03
1.205809999999999945e+03
1.214000000000000000e+03
1.221019999999999982e+03
1.231640000000000100e+03
1.238464999999999918e+03
1.247000000000000000e+03
1.254875000000000000e+03
1.264430000000000064e+03
1.271000000000000000e+03
1.278845000000000027e+03
1.287500000000000000e+03
1.296500000000000000e+03
1.304809999999999945e+03
1.313000000000000000e+03
1.320019999999999982e+03
1.330640000000000100e+03
1.337464999999999918e+03
1.346000000000000000e+03
1.353875000000000000e+03
1.363430000000000064e+03
1.370000000000000000e+03
1.377845000000000027e+03
1.386500000000000000e+03
1.395500000000000000e+03
1.404230000000000018e+03
1.412720000000000027e+03
1.419500000000000000e+03
1.428410000000000082e+03
1.436000000000000000e+03
1.445000000000000000e+03
1.452259999999999991e+03
1.461500000000000000e+03
1.469720000000000027e+03
1.477250000000000000e+03
1.485500000000000000e+03
1.494500000000000000e+03
1.503230000000000018e+03
1.511720000000000027e+03
1.518500000000000000e+03
1.527410000000000082e+03
1.535000000000000000e+03
1.544000000000000000e+03
1.551259999999999991e+03
1.560500000000000000e+03
1.568720000000000027e+03
1.576250000000000000e+03
1.584500000000000000e+03
1.594250000000000000e+03
1.601990000000000009e+03
1.610720000000000027e+03
1.617500000000000000e+03
1.627924999999999955e+03
1.634000000000000000e+03
1.643000000000000000e+03
1.651355000000000018e+03
1.659500000000000000e+03
1.666789999999999964e+03
1.675369999999999891e+03
1.684250000000000000e+03
1.693250000000000000e+03
1.703240000000000009e+03
1.710500000000000000e+03
1.719500000000000000e+03
1.729369999999999891e+03
1.737500000000000000e+03
1.746049999999999955e+03
1.755500000000000000e+03
1.764500000000000000e+03
1.772450000000000045e+03
1.783250000000000000e+03
1.792250000000000000e+03
1.801130000000000109e+03
1.810250000000000000e+03
1.819250000000000000e+03
1.828220000000000027e+03
1.836454999999999927e+03
1.845575000000000045e+03
1.855250000000000000e+03
1.864535000000000082e+03
1.871990000000000009e+03
1.882250000000000000e+03
1.891250000000000000e+03
1.898914999999999964e+03
1.908500000000000000e+03
1.917500000000000000e+03
1.926500000000000000e+03
1.936234999999999900e+03
1.945220000000000027e+03
1.953500000000000000e+03
1.962500000000000000e+03
1.971500000000000000e+03
1.981250000000000000e+03
1.110500000000000000e+03
1.144190000000000055e+03
1.176964999999999918e+03
1.205869999999999891e+03
1.231549999999999955e+03
1.254859999999999900e+03
1.279025000000000091e+03
1.304869999999999891e+03
1.330549999999999955e+03
1.353859999999999900e+03
1.378025000000000091e+03
1.403765000000000100e+03
1.428724999999999909e+03
1.452500000000000000e+03
1.477265000000000100e+03
1.502765000000000100e+03
1.527724999999999909e+03
1.551500000000000000e+03
1.576265000000000100e+03
1.601555000000000064e+03
1.627849999999999909e+03
1.651204999999999927e+03
1.675384999999999991e+03
1.700075000000000045e+03
1.724704999999999927e+03
1.750565000000000055e+03
1.774730000000000018e+03
1.813295000000000073e+03
1.861565000000000055e+03
1.110500000000000000e+03
1.144250000000000000e+03
1.177025000000000091e+03
1.205839999999999918e+03
1.231535000000000082e+03
1.254634999999999991e+03
1.279130000000000109e+03
1.304839999999999918e+03
1.330535000000000082e+03
1.353634999999999991e+03
1.378130000000000109e+03
1.403539999999999964e+03
1.428724999999999909e+03
1.452515000000000100e+03
1.477099999999999909e+03
1.502539999999999964e+03
1.527724999999999909e+03
1.551515000000000100e+03
1.576099999999999909e+03
1.601375000000000000e+03
1.627414999999999964e+03
1.650740000000000009e+03
1.675295000000000073e+03
1.700119999999999891e+03
1.724674999999999955e+03
1.750625000000000000e+03
1.774490000000000009e+03
1.813265000000000100e+03
1.861595000000000027e+03
